id,rental_price
0,7.856502713117889
1,8.966074045268703
2,5.160264126770925
3,4.560682111933524
4,9.27489039788552
5,10.906501271985618
6,14.579961481458103
7,7.1650408260910154
8,3.526307834495182
9,14.60820201626759
10,7.06410833722993
11,6.54052356017725
12,14.845255709627391
13,5.748117670953986
14,6.925099447027778
15,3.5661271406901234
16,6.153533178056278
17,3.9240348042828863
18,3.641034236768233
19,22.60645258152848
20,6.774921122492209
21,20.6612988394599
22,2.3535432817667292
23,18.842452262925477
24,5.78644755956584
25,15.18874240808438
26,7.39586159334452
27,13.101794741241271
28,5.348334995754068
29,17.32663625045388
30,4.659448072571859
31,2.522058971611279
32,13.700618199974564
33,27.015917918213045
34,21.635391816168738
35,26.725241419319218
36,13.26489458455936
37,7.860699285072803
38,3.45742086793276
39,8.459476084768518
40,23.971729525926968
41,10.579396092625494
42,9.17148699348663
43,9.46282017163194
44,16.927300915379597
45,5.736782163651491
46,12.001226565720925
47,3.0749200582596723
48,6.46472003757305
49,30.976011842690287
50,3.6782606782375735
51,2.6335613549576156
52,11.393890477720854
53,10.483370321283482
54,22.178291673076977
55,18.917922417135507
56,17.92551698299069
57,11.044205231539186
58,6.325142488509097
59,6.761703722510644
60,6.590609140066599
61,4.163018759884876
62,4.688814811933382
63,5.6672645385639555
64,19.97233099057215
65,2.117684424410762
66,7.3058987177915045
67,6.2445362114946
68,11.108094093450447
69,4.331036206697096
70,7.729965457133422
71,9.021872256845205
72,13.485633099705382
73,17.475145459406587
74,13.702832740958815
75,5.3748049603507795
76,15.897276380090618
77,11.483506357174717
78,23.923444133057572
79,1.770442978847254
80,5.377900948028364
81,12.532057618360325
82,18.68328117778116
83,8.303125050285384
84,4.894669976163989
85,2.950006223878994
86,4.732127204751072
87,21.686377842985305
88,5.427842354460133
89,11.126552005166772
90,7.524215382825908
91,12.35863147273525
92,14.335081720536227
93,5.56188497428715
94,5.430752063291367
95,11.184096299835506
96,19.47894835998219
97,8.623757450311771
98,6.641325176379633
99,14.78366919862843
100,2.187765429105525
101,6.625040965274827
102,3.8289379693413834
103,1.4273562306251701
104,8.049036328528224
105,10.826716605426244
106,8.367235667528227
107,6.148009801273748
108,3.372570018597836
109,5.949594758255906
110,15.866699197568956
111,14.223826739716493
112,11.839255596130458
113,22.816952355849622
114,12.219959064521992
115,8.992744057567071
116,5.31512693556507
117,13.847239282729547
118,12.733741898058843
119,5.881253783434397
120,6.9506845811188285
121,11.252491295362654
122,17.150896111781528
123,2.421924367806313
124,3.000690055873063
125,5.661942196277763
126,11.871228886937347
127,6.325566952605447
128,5.8236215781330705
129,1.9980471535588706
130,3.497781725784286
131,7.396342578193155
132,15.140302712738471
133,2.418156867563416
134,19.191290253009875
135,5.2051779517944015
136,3.4557201874567287
137,9.337939243323193
138,19.056451757047036
139,4.849407876181575
140,5.70779753477084
141,4.584592987327254
142,5.215844521587895
143,5.26984785462683
144,8.859802196410659
145,2.832983049100973
146,6.088261778209391
147,7.841311377393158
148,8.953814419178908
149,9.825552224546216
150,17.893100216511133
151,5.438190945589506
152,7.698825943683746
153,3.366064414775347
154,6.363919489929778
155,13.136004832333864
156,6.6411759472099865
157,8.876589293844237
158,7.273068614522636
159,3.693071277394339
160,18.181971258259097
161,4.467750072952606
162,3.7792412585725086
163,6.259510304556547
164,3.8916306299839785
165,6.901767107355549
166,11.401488044197002
167,5.301037360036267
168,13.64714817932849
169,10.86682832292595
170,9.773471990376937
171,11.323224937902971
172,25.909325876923823
173,27.593776508015218
174,10.05089116712241
175,5.111995354954365
176,3.735964964141003
177,7.124399384002345
178,8.253663666796083
179,11.797356915079824
180,8.603623292522526
181,7.074626200031846
182,2.4765928782789244
183,2.0257817353542906
184,11.7207833404194
185,12.935769036486853
186,7.633085987539134
187,13.952116205221264
188,10.90644173282199
189,7.394383291729879
190,9.749093308524783
191,5.9985964517129915
192,10.822449333122263
193,8.29133994089208
194,8.14711707345252
195,12.437686288630944
196,20.993762102534333
197,3.772612074424827
198,1.8892442297539316
199,10.718369277545936
200,21.865319582170763
201,12.207389984903587
202,21.7553747940201
203,5.182956586396527
204,6.543424762879047
205,18.869153642090936
206,7.113337559592331
207,7.866901171395942
208,5.027301646604941
209,11.03355042229743
210,10.757059528691762
211,7.634587720668939
212,3.152237157850022
213,5.06889163913594
214,4.809864617987026
215,7.409619418269138
216,8.450938774649572
217,21.628563659843017
218,3.707743882628291
219,5.934623399762881
220,4.068985387808871
221,10.214799887419089
222,19.60400293294629
223,7.071881078870102
224,2.6087644129030982
225,2.1518065428888855
226,1.5002944905915623
227,16.00591736644726
228,15.24452820621688
229,7.00454297578358
230,12.215216832805869
231,16.570001797265967
232,8.391085523910359
233,12.161864363050931
234,15.99228988493737
235,10.392733897090176
236,10.178428732752828
237,9.1360577086112
238,6.684015667606737
239,7.921354537834489
240,5.8769103846983235
241,0.8345370381660777
242,14.312997408341953
243,4.3783543040626505
244,11.958941017939999
245,2.743168543826285
246,8.78184605574268
247,7.74473875965136
248,3.0194506594974575
249,15.601905392702477
250,16.092823996240227
251,10.78739034375254
252,10.36153695379345
253,7.2429102000099
254,4.773279632994174
255,13.144665267632822
256,10.178186549559223
257,4.11574346708925
258,20.58385007365533
259,5.657352067501177
260,3.749068922288793
261,3.3193652012812347
262,7.2617788074815905
263,5.594125153805188
264,8.752674981775696
265,23.98479313505357
266,6.862679127769214
267,21.342901549912444
268,8.589756238465517
269,3.4137415718784063
270,9.7156593507507
271,9.653945845696912
272,2.758596044504238
273,4.41107355230816
274,7.453314629799894
275,4.034731944552066
276,24.742947057409154
277,7.050653263304988
278,20.358212385022235
279,8.375701963871979
280,7.702544929202421
281,18.217169230791427
282,5.170822802880325
283,9.983942709985325
284,7.200303538474744
285,18.194185027211773
286,5.509282503354359
287,2.6613102937654802
288,5.505993895312711
289,15.01853235236819
290,4.292123107488383
291,9.940053167453614
292,10.856455303691583
293,4.177817292788375
294,9.856075142380726
295,21.31345988409636
296,11.649228790170554
297,11.09926989329264
298,15.817857429472246
299,5.258355717622029
300,12.095765387621704
301,3.21934957996167
302,7.861926736535457
303,4.943971949330007
304,4.256098608070294
305,14.335981701841721
306,13.343590370793027
307,14.78248662796689
308,7.999850027962257
309,7.517733727491762
310,11.204466099553187
311,10.051609245127205
312,1.322328293339102
313,5.070739613670837
314,9.19778097456801
315,6.1370683354402455
316,7.637863010116332
317,9.181256308213564
318,3.923628012615759
319,4.852303293743782
320,7.858369957368083
321,6.060429958192291
322,9.56417975208742
323,8.07285478545774
324,3.609592565074965
325,9.244732946734594
326,6.84628454559491
327,7.939085817351567
328,6.896888699937959
329,16.314258750097267
330,24.39415068074552
331,5.355611185052018
332,6.8452707593728475
333,8.294906791046454
334,9.085456978735738
335,8.72083335133396
336,15.414139111088812
337,10.535145073876446
338,10.17639986751122
339,6.189543564730604
340,7.454237894569159
341,5.380153095588938
342,1.732436193464375
343,14.035944272505095
344,24.484070192333697
345,9.062434050461235
346,6.499961823297437
347,6.900645587524512
348,6.340145338362264
349,1.6426951548311668
350,4.191050264797937
351,6.754106516121766
352,13.145370747117799
353,18.200527443828967
354,5.020167763930077
355,9.672631412875923
356,4.686781013248986
357,4.980252814960605
358,7.284995387642052
359,6.93971865950464
360,11.529540776457024
361,2.4567167306384037
362,7.943038606761244
363,24.899802382269293
364,7.004081176446288
365,14.44143881980725
366,5.254105705406004
367,3.241849326110157
368,7.483768623753667
369,3.8124757357420025
370,2.906195981619886
371,12.253180210818833
372,8.058148450871663
373,3.332885630454772
374,4.528244511189258
375,29.76381474295556
376,8.166681076666062
377,8.832526038646385
378,5.064927785447823
379,4.694509556474517
380,5.009940161127046
381,10.796503542781117
382,4.914413256562799
383,13.22791170771196
384,2.636093007433414
385,2.882919052691595
386,10.463087747112374
387,11.676481408446516
388,17.176570766313283
389,6.5446589236298855
390,12.326676981565868
391,2.8386963541851475
392,8.93864171112371
393,11.521703416311405
394,8.254896338354726
395,3.8889837951641164
396,13.964774358497243
397,6.87991483881041
398,4.02009374695156
399,33.6832613018201
